 1.86
 3.49
 2.63
 3.49
 1.69
 1.83
 0.81
 4.70
 0.85
 4.24
 3.49
 2.75
 1.65
 0.92
 0.62
 0.41
 3.23
 4.13
 3.23
 1.89
 2.66
 3.52
 2.39
 1.60
 1.88
 0.36
11.85
 0.87
 3.10
 0.70
 3.23
 2.64
 1.69
 0.41
 3.29
 1.81
 1.45
 0.79
 0.38
 0.45
 3.49
 2.59
 1.78
 4.92
 0.48
 1.66
 1.86
 3.23
 0.43
 1.27
 1.29
 1.29
 3.20
 4.92
 3.01
 2.40
 4.85
11.72
 1.71
15.99
16.46
16.90
16.87
17.28
16.87
17.25
17.38
17.55
16.25
 3.30
15.47
 3.55
 2.79
 4.12
 4.50
 2.56
 4.31
 4.14
 1.17
 3.75
 3.80
 3.18
 1.59
 5.05
 5.19
 5.02
 5.02
 5.02
 4.99
 3.11
 3.31
 3.30
 4.91
 1.46
 2.53
 2.08
 4.38
 2.30
 3.34
 4.09
 3.00
 2.63
 5.10
 5.07
 3.20
 3.32
 5.02
 3.21
 3.36
 3.40
 2.61
 3.73
 4.50
 1.35
 4.47
 2.78
 2.85
 6.64
 2.69
 3.02
 5.10
 5.53
 8.13
 7.51
 7.43
 8.89
 6.34
 8.84
 0.40
 0.66
 4.98
13.19
 2.41
 1.66
 1.68
 5.01
 3.55
14.00
18.90
 5.02
 6.67
 2.54
 3.24
 5.83
 9.23
 6.57
 1.23
 8.43
 2.82
 3.91
 3.19
 4.42
15.11
 3.63
 2.86
 7.52
 2.03
 1.95
 6.87
 2.83
 6.34
 6.98
 2.97
 6.47
 7.64
 8.94
 4.49
 4.55
 0.75
 4.22
 1.79
13.27
16.02
 1.96
 0.75
 4.22
 0.80
 0.82
19.51
 5.24
10.07
 6.02
 3.64
17.56
 9.57
 3.19
 6.33
10.88
 3.94
11.60
18.39
18.17
11.59
10.21
10.55
11.56
42.63
11.52
 2.96
 7.52
11.34
 2.04
 6.51
11.34
 3.70
 2.24
 5.94
 5.66
 5.65
 6.27
 5.71
 6.09
 7.86
 3.59
 5.27
 3.72
10.24
11.09
13.23
16.64
 6.19
 4.01
 4.00
10.57
13.35
19.96
 1.58
16.83
 6.24
 8.13
 3.49
 1.57
 5.86
 3.17
 9.02
 7.06
 2.49
 6.32
 2.59
19.25
 3.81
10.46
 1.00
 1.77
10.56
 7.16
 2.18
 1.10
 1.87
 7.90
11.51
 1.78
 1.78
 2.59
 3.04
 2.53
 3.28
 4.25
 4.24
 4.16
 3.93
12.64
20.78
20.79
 5.10
 5.24
 5.25
 8.66
11.00
 8.48
 8.02
16.94
15.97
 3.19
 3.24
 1.81
 0.64
 4.67
 1.02
 7.73
 3.34
11.77
15.97
 3.76
 2.41
 1.61
 1.82
 4.25
 3.17
 2.23
12.19
 3.19
 0.62
 2.16
 1.94
 1.71
 0.47
 1.65
 6.54
 4.20
 0.84
 2.59
 3.13
 0.48
 2.63
 2.96
 0.99
 0.85
 5.33
 1.83
 2.02
 1.01
 3.68
 1.88
 0.97
 3.28
 0.52
 0.68
 2.15
 3.17
 3.43
 9.45
 3.19
17.44
 4.23
 0.55
 3.12
 0.51
 0.60
 1.92
 1.97
 2.67
 3.16
 0.45
 1.59
 1.74
 1.22
 0.61
 0.59
 1.53
 0.96
 0.97
 3.21
 0.23
 5.27
 3.14
 0.75
 0.68
 2.07
13.38
 0.18
 3.23
 2.20
 1.70
 6.23
 0.68
10.67
 3.15
 2.11
 2.22
 0.24
 3.21
 3.15
11.39
 0.48
 3.00
17.30
 3.45
 7.51
 8.95
 7.82
 8.74
11.35
12.18
13.10
 3.17
14.19
10.55
14.43
14.35
11.81
 3.27
15.51
14.66
16.33
16.75
15.55
 8.01
 3.16
 2.17
15.57
14.85
15.88
 1.86
 3.17
15.76
 0.33
20.09
 9.25
 0.55
 2.79
 2.26
 4.41
 3.16
 2.14
 0.51
 0.53
 5.31
 0.10
 3.41
 3.45
 7.22
 2.77
 2.00
 0.89
 1.69
 2.73
 4.08
 6.29
12.87
 3.12
 0.64
 2.01
 2.69
 2.70
 3.15
 1.57
 1.54
 0.46
 1.55
 2.45
 0.46
 0.47
 4.17
 4.09
 0.56
 0.15
 0.81
 2.72
 4.08
 6.45
11.60
12.96
 2.78
 2.74
 4.06
 6.30
12.86
12.86
 3.26
 2.98
 0.11
 1.10
 1.42
 1.74
 2.93
 0.84
 2.41
 2.51
2.16
1.67
3.29
1.14
1.15
1.22
1.54
0.54
1.49
2.67
2.46
1.46
2.61
2.63
2.63
3.53
5.04
3.50
4.98
3.65
3.54
1.17
3.49
3.50
3.54
3.52
3.55
3.12
3.09
4.61
2.70
3.80
7.10
3.35
3.01
3.07
3.19
4.75
2.62
4.17
4.98
5.11
4.05
3.92
1.52
4.53
3.28
3.63
1.63
1.59
1.56
 3.61
 3.53
 4.31
 4.83
 1.97
 5.09
 5.48
 5.39
 5.43
 5.27
 5.35
 2.01
 2.00
 2.02
 5.09
 5.08
 5.08
 7.28
 1.16
 3.08
 2.22
 5.38
19.31
 0.63
 3.01
 9.98
15.92
17.45
 7.64
17.22
 5.00
18.97
 6.51
 1.82
 0.54
 2.68
 9.79
10.68
10.41
20.47
10.86
 9.89
10.43
 9.39
 3.63
 3.61
10.59
 9.15
 9.48
 1.12
 2.19
 3.13
 2.15
 1.55
 1.81
 1.77
 1.79
 1.74
 2.59
 2.61
 3.93
 3.89
 4.26
 6.94
 2.11
 1.43
 2.63
 2.85
 1.52
 1.40
 2.85
 2.08
 3.22
 2.65
 4.08
 5.52
 5.04
 6.73
 3.47
 1.90
 4.70
 5.57
 7.19
 7.26
12.04
 5.77
 2.84
 2.78
 1.05
 0.88
 3.15
 1.78
 1.93
 1.83
 3.11
 3.75
11.93
 0.43
 2.33
 3.28
 3.86
 2.52
 8.12
17.61
 4.29
 2.20
 4.43
 5.44
 4.64
 6.30
 7.55
11.75
 0.34
 7.87
 2.05
 5.28
 0.28
 8.09
 1.79
 1.08
 2.70
 0.33
 1.86
 6.88
 5.90
 2.67
 1.48
 8.70
 3.78
 2.73
 3.44
 7.69
 8.61
 0.68
 8.53
 8.60
 3.69
 3.46
 3.38
 8.73
 0.18
 9.16
 9.39
10.88
11.03
11.16
11.18
 5.50
12.22
 0.25
 3.11
10.82
11.62
 3.43
11.68
16.39
 0.29
 3.94
 2.00
 0.28
 4.08
 3.26
 3.15
 0.26
 2.28
 2.49
 2.00
 2.26
 0.30
 0.28
 2.35
 3.73
 2.02
 1.28
 3.83
 0.29
 2.64
 0.29
 0.27
 2.74
 0.10
 0.19
 1.05
 5.54
 2.00
 3.88
 3.14
 0.38
 0.96
 9.95
 0.39
 1.78
 0.61
 6.66
 0.85
 1.67
 2.03
 3.89
 4.34
 4.88
 4.09
11.05
 5.11
 1.75
 0.06
 3.12
 1.57
 0.12
 2.72
 1.76
 1.32
 0.62
 1.60
 6.79
 2.28
 1.67
 1.38
 1.08
10.09
 3.31
 3.36
 3.36
 3.36
 7.28
 2.38
 2.40
 4.88
 0.28
 3.49
 0.27
 1.99
 0.27
12.38
 1.06
 2.28
 1.75
 2.01
 4.88
 0.53
 0.28
 0.27
 1.99
 0.36
 6.54
 2.39
 2.07
18.60
 0.67
 8.90
 4.07
 0.65
 2.87
 7.71
 7.62
 2.45
14.23
10.12
 5.24
 8.72
13.75
 6.32
16.15
 6.57
16.26
 8.89
16.27
10.71
 5.14
 4.51
 6.03
 2.74
 3.16
 3.25
 8.17
15.82
18.98
 5.06
12.97
19.55
 5.77
16.97
 0.34
 4.88
 7.03
15.30
19.53
 7.45
12.26
19.37
 7.18
 5.28
 2.24
17.70
 8.39
 8.96
 3.76
 1.40
 3.04
 3.35
 2.67
 3.16
 4.67
 6.69
 4.89
10.56
 6.90
 6.23
 1.81
 1.85
 2.22
 2.23
 4.21
 4.68
 2.73
 2.12
 1.10
 1.09
 1.11
 1.33
 1.29
 4.93
 2.76
 2.85
 2.75
 0.77
 5.55
 0.54
 3.55
 2.01
 1.58
 0.55
10.54
 0.54
 1.57
 1.00
 1.81
 2.05
 4.83
 1.41
 0.64
 0.61
 2.37
 1.46
 0.60
 4.07
 0.61
 3.05
 3.96
 0.99
 0.81
 1.49
 1.53
 0.65
 2.05
 0.46
 1.79
 1.55
 0.82
 0.10
 0.34
 0.97
 0.41
 0.86
13.85
 0.93
 1.65
 1.88
 1.63
 0.67
 1.14
 2.77
 0.76
 0.64
 1.96
 7.57
 1.52
 3.44
 0.81
 1.80
 4.80
 2.45
 1.89
 7.64
 2.92
 4.76
 5.72
 3.89
 4.16
 3.97
 4.59
 7.41
 7.52
 7.59
 8.72
 4.52
 0.50
 2.08
 0.52
 2.04
 0.47
 9.35
 7.52
 7.58
 3.21
 1.15
 1.65
 1.52
 3.48
 6.41
 0.84
 1.41
 2.65
 4.54
 7.11
 1.69
 2.40
 2.19
 0.18
 0.14
 2.20
 5.21
 2.25
 0.18
 0.22
14.23
18.20
 0.20
 2.06
 0.19
 9.91
 0.16
 0.18
 2.19
 0.40
 3.19
 0.47
 9.17
 0.26
 9.95
 0.23
 2.34
 0.21
 0.24
 2.75
 0.21
 0.44
 2.19
 3.15
 3.18
 0.47
 3.20
11.43
 0.20
 0.20
 0.45
 2.14
 2.49
 0.24
 3.14
 0.19
 0.45
 5.03
 2.06
 0.36
 6.19
 0.45
 2.17
 3.18
 0.20
 0.19
 0.22
11.90
 8.44
 2.24
 2.47
12.33
 3.84
 8.52
 6.27
 2.19
 2.02
 2.82
 2.19
 5.13
 2.43
 0.23
 0.43
 6.22
 3.98
 2.05


