x
13.4682046129296
6.74869156067163
2.10739248886645
-9.40561553317837
-9.76649168485384
0.83419772669257
2.49731083734663
-2.03250243313208
13.8415569824065
7.68380242082852
22.2369993179718
3.39640219332172
10.6427023040594
14.2985503096937
9.35461340659156
-14.1805116772055
-9.02161929176508
17.9026470253186
-0.0495737348543699
3.17376803570098
8.20294625258551
22.6466188369891
-2.65802185209803
15.9709717521718
8.84557849705303
-2.47103608992275
-2.06293470414295
11.0088223752912
3.05823189106785
7.59428435405133
14.4784260541946
13.3496424111226
8.8019169448351
14.7857039976161
1.22321968823936
6.65228750660179
8.03061310487062
5.92451710973162
0.904719371310467
4.9979451033947
3.69189382877807
6.71738833371728
9.27752453616106
23.5705812234466
3.07440425598857
16.5145829929799
-4.05146543186103
10.7359819164122
11.1970357111483
-0.174089742157459
7.14980258873918
1.36438687209529
8.57841214071436
17.435638035906
1.13806531093128
7.8202813389217
-8.25429558661403
3.59031017045611
7.1344474577582
3.04365323094982
10.5376874765295
-0.694633774426054
-0.0330778673902081
17.4405774506106
17.4089123520839
4.53055006690933
6.8651991700503
-3.20677480758533
0.0689581728250737
-0.67425837398128
-0.599363383095037
6.19981934999786
-4.31804834067386
8.02137675480081
-4.39141566485891
21.4673925959128
17.7484040421724
2.04264415645706
-11.6618165731745
3.39800367227712
-8.76034859707816
-12.9118177454189
3.06986752103604
17.2375639823308
-1.03116326853311
7.26294863696521
-9.90562854594699
0.459346083097031
5.98399921090696
-7.30071520617494
12.0110887470331
12.3110812559076
22.5867893135518
11.7119263838253
2.93507086979595
14.6442439200263
15.986276867704
15.5529277372337
2.78201750599908
0.115411048454072