16.3
1
11.5
2.8
11.4
6
9.2
10.9
1.8
9
5.9
6.4
13.3
10.3
11
9.2
12.8
6.3
7.5
7
4.1
2.3
5.1
8.3
14.1
13.7
13.8
28.3
12.2
2.9
4.4
3.4
4.4
13.3
1.9
14.2
43.3
16.6
3
11.2
6
8.5
5.9
9.5
14.5
4.4
9.7
8.9
13.8
3.4
15.3
7.1
7.4
22.8
20.9
15.4
3.8
12.7
5
12
22.3
6.5
13.6
5.9
14.6
1.3
7.2
11.8
8.7
5.9
3.2
7.9
3.5
3.1
3.9
24.3
28.4
18.5
24.8
7.9
5.1
13
4.3
1.7
22.3
11.7
2
16
28
7
3.3
10.5
15
3.1
21.5
2.5
3.9
3.9
13.9
6.8
20.6
4.9
7
16.4
20.6
19
7.5
6
3.1
6.3
2.3
10.8
1.4
1.9
21.4
3
15.8
10.9
5.8
16.8
7.8
17.1
25.6
32.3
3.4
1.9
12.8
13.9
1.1
14.3
9.1
10.7
9.6
5
11.1
10.1
4.9
11
11
9.2
4.6
3.2
11.7
3.1
2.4
7
5.1
13.9
5.7
20.9
2.1
16.2
11.6
10
7.3
14.2
3.8
3.1
27.2
16.3
8
14
4.9
1.2
9.9
4.4
21.9
8.7
16.1
13.9
13.9
19.2
21.7
13.8
2.3
7.8
6.8
2.7
9
7.7
23.8
11.4
5
5.6
22.6
6.6
3.3
3.4
1.9
6.7
2.7
1.4
3.9
1.1
7.4
23.8
12.4
8.5
1.7
17
