0.414523534374985
-0.47471847352936
0.0659934937044614
-0.502477782393866
3.26670653962741
0.166989279752984
-0.896264626244759
0.168185387655757
0.354968261014854
-0.0521051168711336
-0.195934618716253
-0.64906975160576
-1.10976723139873
3.2217145788512
0.022362526076024
4.11812709903065
-1.24428785134423
0.169026413766175
0.673166306947679
-0.0262763764485261
-0.191392168556024
-0.781906646699876
2.05816198776349
0.750501453155831
1.82420830237829
2.74330375684684
-0.631409298966366
2.57634965447463
4.0465435765719
0.226301532497161
1.01369034746575
0.252750135066342
-1.17194831284112
0.668714328525034
-1.65010093484436
2.4472832395253
-0.31611832883308
-1.94824604732137
3.09858639501567
2.67174047493033
-0.334036649997458
1.39514789252962
0.63667441103895
-0.108431696990383
0.513762778404674
0.399271807273958
1.6628564474304
0.275893403585483
0.506272623207687
2.88523508525702
-0.377237647496313
0.0976194631092374
1.63874464512173
-0.875592474189569
0.121759998641046
1.36213066084498
-0.23462108692271
2.62910572095589
-0.869783605635912
4.62794822283134
3.91030786088683
-0.260639392099399
-0.414419706341893
-0.183050797719434
0.407056097880578
0.624633128202147
1.67820574370471
-0.0686936535649907
-0.320839912658177
1.4710057170489
1.7043293978271
2.1827721003337
-0.332657319133519
3.22196413815707
1.41126239874678
-0.837582434076861
-1.12376279439532
3.04376588609529
0.235021308250671
-0.0332586101133057
1.95247302133535
-0.0997905884418961
0.976031734922396
0.413868915451097
0.912322161610113
4.10917262623846
1.16910851401363
-0.50873701541522
0.704180178465512
3.39535979051235
-0.538070788884863
0.848620445362112
-0.789646852263761
0.487814635163685
2.16803253951933
0.500694614280786
0.62021020366732
-0.965903210133575
0.162654708118265
-2.07823754188738
0.485226820569252
0.696768778564913
0.185513915583057
0.700733515544461
0.311681028661359
0.760462361967838
1.84246362620766
1.1123628412626
0.0326639575014441
-1.11444896479736
0.418057822385083
-0.400235237343163
2.74924735764445
-1.60708093984972
-0.415751788401515
2.87235395120954
4.05115919143992
-0.60615111526422
-0.304721068966714
3.35085414045652
0.895171980275539
3.51455974009708
3.17498578270708
3.36742355675786
0.287709728313787
-0.659770093821306
2.91914013071762
0.677415500438328
-0.684320344136007
0.18649208308097
2.38527797530963
-0.274704218225806
-0.933503340589868
0.116845344986082
2.82042844245265
-1.07754212275943
4.40654345977212
-0.254874652654534
0.0295178303214797
3.26636708630803
0.0591351681787969
3.15310692322891
-1.09777217457042
0.71117525727044
0.718888729854143
0.251651069028968
1.35727443615177
0.404468471278607
3.48000148532809
0.268043904143697
0.436930577039483
1.06012390548736
0.452190396528715
2.96208298523295
-1.13637355399084
2.78953148212001
1.47696958979247
2.40029396664201
0.258068387396106
0.405002805433516
0.97580332180945
-0.348876736539909
0.158625439491262
-1.76325506654115
0.338596047099905
-0.666565029559273
-0.238646624327644
-1.18776528245719
2.6224859989838
0.66657951565448
4.24708706696805
1.8250110640863
0.670559370567588
0.948632573255153
2.04940300167091
3.63722033211317
0.808619272846293
0.986580613954563
-0.00617079609070003
0.319052357931912
-1.01182190274184
0.470167547726389
-0.700970331629097
0.813682862526491
3.41510855775345
0.31939748709946
1.31982452024681
-0.245763179128733
-1.55285901110546
0.128434032925753
0.985443389404868
2.2399909931861
-1.76622921343046
2.00742513658757
2.46297877667289
3.21949513725428
4.82372759540787
-0.366703258827641
3.76646800092211
0.319156220867898
